0.3181818181818182
0.6900826446280992
2.168831168831169
0.2727272727272727
0.8571428571428571
0.39520958083832336
1.21900826446281
3.831168831168831
1.7664670658682635
4.46969696969697
0.5743801652892562
1.8051948051948052
0.8323353293413174
2.106060606060606
0.4711864406779661
0.8140495867768595
2.5584415584415585
1.1796407185628743
2.984848484848485
0.6677966101694915
1.4172661870503598
0.2644628099173554
0.8311688311688312
0.38323353293413176
0.9696969696969697
0.21694915254237288
0.460431654676259
0.3248730964467005
0.5454545454545454
1.7142857142857142
0.7904191616766467
2.0
0.44745762711864406
0.9496402877697842
0.6700507614213198
2.0625
1.0082644628099173
3.168831168831169
1.4610778443113772
3.696969696969697
0.8271186440677966
1.7553956834532374
1.2385786802030456
3.8125
1.8484848484848484
0.19008264462809918
0.5974025974025974
0.2754491017964072
0.696969696969697
0.15593220338983052
0.33093525179856115
0.233502538071066
0.71875
0.3484848484848485
0.1885245901639344
1.115702479338843
3.5064935064935066
1.6167664670658684
4.090909090909091
0.9152542372881356
1.9424460431654675
1.3705583756345177
4.21875
2.0454545454545454
1.1065573770491803
5.869565217391305
0.47520661157024796
1.4935064935064934
0.688622754491018
1.7424242424242424
0.3898305084745763
0.8273381294964028
0.583756345177665
1.796875
0.8712121212121212
0.4713114754098361
2.5
0.42592592592592593
0.10330578512396695
0.3246753246753247
0.1497005988023952
0.3787878787878788
0.0847457627118644
0.17985611510791366
0.12690355329949238
0.390625
0.1893939393939394
0.10245901639344263
0.5434782608695652
0.09259259259259259
0.21739130434782608
0.9049586776859504
2.844155844155844
1.311377245508982
3.3181818181818183
0.7423728813559322
1.5755395683453237
1.1116751269035532
3.421875
1.6590909090909092
0.8975409836065574
4.760869565217392
0.8111111111111111
1.9043478260869566
8.76
0.859504132231405
2.7012987012987013
1.2455089820359282
3.1515151515151514
0.7050847457627119
1.4964028776978417
1.0558375634517767
3.25
1.5757575757575757
0.8524590163934426
4.521739130434782
0.7703703703703704
1.808695652173913
8.32
0.9497716894977168
0.2190082644628099
0.6883116883116883
0.31736526946107785
0.803030303030303
0.17966101694915254
0.381294964028777
0.26903553299492383
0.828125
0.4015151515151515
0.21721311475409835
1.1521739130434783
0.1962962962962963
0.4608695652173913
2.12
0.2420091324200913
0.2548076923076923
0.5826446280991735
1.8311688311688312
0.844311377245509
2.1363636363636362
0.47796610169491527
1.014388489208633
0.7157360406091371
2.203125
1.0681818181818181
0.5778688524590164
3.0652173913043477
0.5222222222222223
1.2260869565217392
5.64
0.6438356164383562
0.6778846153846154
2.660377358490566
1.0578512396694215
3.324675324675325
1.532934131736527
3.878787878787879
0.8677966101694915
1.841726618705036
1.299492385786802
4.0
1.9393939393939394
1.0491803278688525
5.565217391304348
0.9481481481481482
2.226086956521739
10.24
1.1689497716894977
1.2307692307692308
4.830188679245283
1.8156028368794326
0.049586776859504134
0.15584415584415584
0.0718562874251497
0.18181818181818182
0.04067796610169491
0.08633093525179857
0.06091370558375635
0.1875
0.09090909090909091
0.04918032786885246
0.2608695652173913
0.044444444444444446
0.10434782608695652
0.48
0.0547945205479452
0.057692307692307696
0.22641509433962265
0.0851063829787234
0.046875
0.9545454545454546
3.0
1.3832335329341316
3.5
0.7830508474576271
1.6618705035971224
1.1725888324873097
3.609375
1.75
0.9467213114754098
5.021739130434782
0.8555555555555555
2.008695652173913
9.24
1.0547945205479452
1.1105769230769231
4.3584905660377355
1.6382978723404256
0.90234375
19.25
---
