0.34065934065934067
0.6593406593406593
1.935483870967742
0.3241758241758242
0.9516129032258065
0.49166666666666664
1.2692307692307692
3.725806451612903
1.925
3.9152542372881354
0.6428571428571429
1.8870967741935485
0.975
1.9830508474576272
0.5064935064935064
0.7802197802197802
2.2903225806451615
1.1833333333333333
2.406779661016949
0.6147186147186147
1.2136752136752136
0.3076923076923077
0.9032258064516129
0.4666666666666667
0.9491525423728814
0.24242424242424243
0.47863247863247865
0.39436619718309857
0.47802197802197804
1.403225806451613
0.725
1.4745762711864407
0.37662337662337664
0.7435897435897436
0.6126760563380281
1.5535714285714286
1.0164835164835164
2.9838709677419355
1.5416666666666667
3.135593220338983
0.8008658008658008
1.5811965811965811
1.3028169014084507
3.3035714285714284
2.1264367816091956
0.25274725274725274
0.7419354838709677
0.38333333333333336
0.7796610169491526
0.19913419913419914
0.39316239316239315
0.323943661971831
0.8214285714285714
0.5287356321839081
0.24864864864864866
1.1758241758241759
3.4516129032258065
1.7833333333333334
3.6271186440677967
0.9264069264069265
1.829059829059829
1.5070422535211268
3.8214285714285716
2.4597701149425286
1.1567567567567567
4.6521739130434785
0.5494505494505495
1.6129032258064515
0.8333333333333334
1.694915254237288
0.4329004329004329
0.8547008547008547
0.704225352112676
1.7857142857142858
1.1494252873563218
0.5405405405405406
2.1739130434782608
0.4672897196261682
0.0989010989010989
0.2903225806451613
0.15
0.3050847457627119
0.07792207792207792
0.15384615384615385
0.1267605633802817
0.32142857142857145
0.20689655172413793
0.0972972972972973
0.391304347826087
0.08411214953271028
0.18
0.9175824175824175
2.693548387096774
1.3916666666666666
2.830508474576271
0.7229437229437229
1.4273504273504274
1.176056338028169
2.982142857142857
1.9195402298850575
0.9027027027027027
3.630434782608696
0.780373831775701
1.67
9.277777777777779
0.8626373626373627
2.532258064516129
1.3083333333333333
2.6610169491525424
0.6796536796536796
1.3418803418803418
1.1056338028169015
2.8035714285714284
1.8045977011494252
0.8486486486486486
3.4130434782608696
0.7336448598130841
1.57
8.722222222222221
0.9401197604790419
0.25274725274725274
0.7419354838709677
0.38333333333333336
0.7796610169491526
0.19913419913419914
0.39316239316239315
0.323943661971831
0.8214285714285714
0.5287356321839081
0.24864864864864866
1.0
0.21495327102803738
0.46
2.5555555555555554
0.2754491017964072
0.2929936305732484
0.5494505494505495
1.6129032258064515
0.8333333333333334
1.694915254237288
0.4329004329004329
0.8547008547008547
0.704225352112676
1.7857142857142858
1.1494252873563218
0.5405405405405406
2.1739130434782608
0.4672897196261682
1.0
5.555555555555555
0.5988023952095808
0.6369426751592356
2.1739130434782608
1.098901098901099
3.225806451612903
1.6666666666666667
3.389830508474576
0.8658008658008658
1.7094017094017093
1.408450704225352
3.5714285714285716
2.2988505747126435
1.0810810810810811
4.3478260869565215
0.9345794392523364
2.0
11.11111111111111
1.1976047904191616
1.2738853503184713
4.3478260869565215
2.0
0.08241758241758242
0.24193548387096775
0.125
0.2542372881355932
0.06493506493506493
0.1282051282051282
0.1056338028169014
0.26785714285714285
0.1724137931034483
0.08108108108108109
0.32608695652173914
0.07009345794392523
0.15
0.8333333333333334
0.08982035928143713
0.09554140127388536
0.32608695652173914
0.15
0.075
1.0
2.935483870967742
1.5166666666666666
3.0847457627118646
0.7878787878787878
1.5555555555555556
1.2816901408450705
3.25
2.0919540229885056
0.9837837837837838
3.9565217391304346
0.8504672897196262
1.82
10.11111111111111
1.089820359281437
1.1592356687898089
3.9565217391304346
1.82
0.91
12.133333333333333
---
