0.3125
0.6875
2.2
0.2875
0.92
0.41818181818181815
1.2375
3.96
1.8
4.304347826086956
0.5875
1.88
0.8545454545454545
2.0434782608695654
0.47474747474747475
0.79375
2.54
1.1545454545454545
2.760869565217391
0.6414141414141414
1.351063829787234
0.2875
0.92
0.41818181818181815
1.0
0.23232323232323232
0.48936170212765956
0.36220472440944884
0.51875
1.66
0.7545454545454545
1.8043478260869565
0.41919191919191917
0.8829787234042553
0.6535433070866141
1.8043478260869565
1.0
3.2
1.4545454545454546
3.4782608695652173
0.8080808080808081
1.702127659574468
1.2598425196850394
3.4782608695652173
1.927710843373494
0.21875
0.7
0.3181818181818182
0.7608695652173914
0.17676767676767677
0.3723404255319149
0.2755905511811024
0.7608695652173914
0.42168674698795183
0.21875
1.15
3.68
1.6727272727272726
4.0
0.9292929292929293
1.9574468085106382
1.4488188976377954
4.0
2.216867469879518
1.15
5.257142857142857
0.5
1.6
0.7272727272727273
1.7391304347826086
0.40404040404040403
0.851063829787234
0.6299212598425197
1.7391304347826086
0.963855421686747
0.5
2.2857142857142856
0.43478260869565216
0.0875
0.28
0.12727272727272726
0.30434782608695654
0.0707070707070707
0.14893617021276595
0.11023622047244094
0.30434782608695654
0.1686746987951807
0.0875
0.4
0.07608695652173914
0.175
0.9125
2.92
1.3272727272727274
3.1739130434782608
0.7373737373737373
1.553191489361702
1.1496062992125984
3.1739130434782608
1.7590361445783131
0.9125
4.171428571428572
0.7934782608695652
1.825
10.428571428571429
0.875
2.8
1.2727272727272727
3.0434782608695654
0.7070707070707071
1.4893617021276595
1.1023622047244095
3.0434782608695654
1.6867469879518073
0.875
4.0
0.7608695652173914
1.75
10.0
0.958904109589041
0.21875
0.7
0.3181818181818182
0.7608695652173914
0.17676767676767677
0.3723404255319149
0.2755905511811024
0.7608695652173914
0.42168674698795183
0.21875
1.0
0.19021739130434784
0.4375
2.5
0.23972602739726026
0.25
0.59375
1.9
0.8636363636363636
2.0652173913043477
0.4797979797979798
1.0106382978723405
0.7480314960629921
2.0652173913043477
1.144578313253012
0.59375
2.7142857142857144
0.5163043478260869
1.1875
6.785714285714286
0.6506849315068494
0.6785714285714286
2.7142857142857144
1.0875
3.48
1.5818181818181818
3.782608695652174
0.8787878787878788
1.851063829787234
1.3700787401574803
3.782608695652174
2.0963855421686746
1.0875
4.9714285714285715
0.9456521739130435
2.175
12.428571428571429
1.1917808219178083
1.2428571428571429
4.9714285714285715
1.831578947368421
0.0875
0.28
0.12727272727272726
0.30434782608695654
0.0707070707070707
0.14893617021276595
0.11023622047244094
0.30434782608695654
0.1686746987951807
0.0875
0.4
0.07608695652173914
0.175
1.0
0.0958904109589041
0.1
0.4
0.14736842105263157
0.08045977011494253
1.0
3.2
1.4545454545454546
3.4782608695652173
0.8080808080808081
1.702127659574468
1.2598425196850394
3.4782608695652173
1.927710843373494
1.0
4.571428571428571
0.8695652173913043
2.0
11.428571428571429
1.095890410958904
1.1428571428571428
4.571428571428571
1.6842105263157894
0.9195402298850575
11.428571428571429
---
