0.3270440251572327
0.6729559748427673
2.0576923076923075
0.31446540880503143
0.9615384615384616
0.4672897196261682
1.2578616352201257
3.8461538461538463
1.8691588785046729
4.0
0.6163522012578616
1.8846153846153846
0.9158878504672897
1.96
0.49
0.779874213836478
2.3846153846153846
1.158878504672897
2.48
0.62
1.2653061224489797
0.31446540880503143
0.9615384615384616
0.4672897196261682
1.0
0.25
0.5102040816326531
0.4032258064516129
0.48427672955974843
1.4807692307692308
0.719626168224299
1.54
0.385
0.7857142857142857
0.6209677419354839
1.54
1.0
3.0576923076923075
1.485981308411215
3.18
0.795
1.6224489795918366
1.282258064516129
3.18
2.064935064935065
0.2389937106918239
0.7307692307692307
0.35514018691588783
0.76
0.19
0.3877551020408163
0.3064516129032258
0.76
0.4935064935064935
0.2389937106918239
1.1383647798742138
3.480769230769231
1.691588785046729
3.62
0.905
1.846938775510204
1.4596774193548387
3.62
2.3506493506493507
1.1383647798742138
4.7631578947368425
0.5094339622641509
1.5576923076923077
0.7570093457943925
1.62
0.405
0.826530612244898
0.6532258064516129
1.62
1.051948051948052
0.5094339622641509
2.1315789473684212
0.44751381215469616
0.12578616352201258
0.38461538461538464
0.18691588785046728
0.4
0.1
0.20408163265306123
0.16129032258064516
0.4
0.2597402597402597
0.12578616352201258
0.5263157894736842
0.11049723756906077
0.24691358024691357
0.8742138364779874
2.673076923076923
1.2990654205607477
2.78
0.695
1.4183673469387754
1.1209677419354838
2.78
1.8051948051948052
0.8742138364779874
3.6578947368421053
0.7679558011049724
1.7160493827160495
6.95
0.9056603773584906
2.769230769230769
1.3457943925233644
2.88
0.72
1.469387755102041
1.1612903225806452
2.88
1.87012987012987
0.9056603773584906
3.789473684210526
0.7955801104972375
1.7777777777777777
7.2
1.0359712230215827
0.2389937106918239
0.7307692307692307
0.35514018691588783
0.76
0.19
0.3877551020408163
0.3064516129032258
0.76
0.4935064935064935
0.2389937106918239
1.0
0.20994475138121546
0.4691358024691358
1.9
0.2733812949640288
0.2638888888888889
0.6037735849056604
1.8461538461538463
0.897196261682243
1.92
0.48
0.9795918367346939
0.7741935483870968
1.92
1.2467532467532467
0.6037735849056604
2.526315789473684
0.5303867403314917
1.1851851851851851
4.8
0.6906474820143885
0.6666666666666666
2.526315789473684
1.1257861635220126
3.4423076923076925
1.6728971962616823
3.58
0.895
1.8265306122448979
1.4435483870967742
3.58
2.324675324675325
1.1257861635220126
4.7105263157894735
0.988950276243094
2.2098765432098766
8.95
1.2877697841726619
1.2430555555555556
4.7105263157894735
1.8645833333333333
0.12578616352201258
0.38461538461538464
0.18691588785046728
0.4
0.1
0.20408163265306123
0.16129032258064516
0.4
0.2597402597402597
0.12578616352201258
0.5263157894736842
0.11049723756906077
0.24691358024691357
1.0
0.14388489208633093
0.1388888888888889
0.5263157894736842
0.20833333333333334
0.11173184357541899
1.0
3.0576923076923075
1.485981308411215
3.18
0.795
1.6224489795918366
1.282258064516129
3.18
2.064935064935065
1.0
4.184210526315789
0.8784530386740331
1.962962962962963
7.95
1.143884892086331
1.1041666666666667
4.184210526315789
1.65625
0.888268156424581
7.95
---
