0.27607361963190186
0.7239263803680982
2.6222222222222222
0.3496932515337423
1.2666666666666666
0.4830508474576271
1.2883435582822085
4.666666666666667
1.7796610169491525
3.6842105263157894
0.5950920245398773
2.1555555555555554
0.8220338983050848
1.7017543859649122
0.46190476190476193
0.7607361963190185
2.7555555555555555
1.0508474576271187
2.175438596491228
0.5904761904761905
1.2783505154639174
0.3496932515337423
1.2666666666666666
0.4830508474576271
1.0
0.2714285714285714
0.5876288659793815
0.4596774193548387
0.5153374233128835
1.8666666666666667
0.711864406779661
1.4736842105263157
0.4
0.865979381443299
0.6774193548387096
1.4736842105263157
1.0
3.6222222222222222
1.38135593220339
2.8596491228070176
0.7761904761904762
1.6804123711340206
1.314516129032258
2.8596491228070176
1.9404761904761905
0.2822085889570552
1.0222222222222221
0.3898305084745763
0.8070175438596491
0.21904761904761905
0.4742268041237113
0.3709677419354839
0.8070175438596491
0.5476190476190477
0.2822085889570552
1.1840490797546013
4.288888888888889
1.6355932203389831
3.3859649122807016
0.919047619047619
1.9896907216494846
1.5564516129032258
3.3859649122807016
2.2976190476190474
1.1840490797546013
4.195652173913044
0.50920245398773
1.8444444444444446
0.7033898305084746
1.456140350877193
0.3952380952380952
0.8556701030927835
0.6693548387096774
1.456140350877193
0.9880952380952381
0.50920245398773
1.8043478260869565
0.43005181347150256
0.10429447852760736
0.37777777777777777
0.1440677966101695
0.2982456140350877
0.08095238095238096
0.17525773195876287
0.13709677419354838
0.2982456140350877
0.20238095238095238
0.10429447852760736
0.3695652173913043
0.08808290155440414
0.20481927710843373
0.8957055214723927
3.2444444444444445
1.2372881355932204
2.56140350877193
0.6952380952380952
1.5051546391752577
1.1774193548387097
2.56140350877193
1.7380952380952381
0.8957055214723927
3.1739130434782608
0.7564766839378239
1.7590361445783131
8.588235294117647
0.8650306748466258
3.1333333333333333
1.194915254237288
2.473684210526316
0.6714285714285714
1.4536082474226804
1.1370967741935485
2.473684210526316
1.6785714285714286
0.8650306748466258
3.0652173913043477
0.7305699481865285
1.6987951807228916
8.294117647058824
0.9657534246575342
0.2822085889570552
1.0222222222222221
0.3898305084745763
0.8070175438596491
0.21904761904761905
0.4742268041237113
0.3709677419354839
0.8070175438596491
0.5476190476190477
0.2822085889570552
1.0
0.23834196891191708
0.5542168674698795
2.7058823529411766
0.3150684931506849
0.3262411347517731
0.6134969325153374
2.2222222222222223
0.847457627118644
1.7543859649122806
0.47619047619047616
1.0309278350515463
0.8064516129032258
1.7543859649122806
1.1904761904761905
0.6134969325153374
2.1739130434782608
0.5181347150259067
1.2048192771084338
5.882352941176471
0.684931506849315
0.7092198581560284
2.1739130434782608
1.1042944785276074
4.0
1.5254237288135593
3.1578947368421053
0.8571428571428571
1.8556701030927836
1.4516129032258065
3.1578947368421053
2.142857142857143
1.1042944785276074
3.9130434782608696
0.9326424870466321
2.1686746987951806
10.588235294117647
1.2328767123287672
1.2765957446808511
3.9130434782608696
1.8
0.10429447852760736
0.37777777777777777
0.1440677966101695
0.2982456140350877
0.08095238095238096
0.17525773195876287
0.13709677419354838
0.2982456140350877
0.20238095238095238
0.10429447852760736
0.3695652173913043
0.08808290155440414
0.20481927710843373
1.0
0.11643835616438356
0.12056737588652482
0.3695652173913043
0.17
0.09444444444444444
1.0
3.6222222222222222
1.38135593220339
2.8596491228070176
0.7761904761904762
1.6804123711340206
1.314516129032258
2.8596491228070176
1.9404761904761905
1.0
3.5434782608695654
0.844559585492228
1.963855421686747
9.588235294117647
1.1164383561643836
1.1560283687943262
3.5434782608695654
1.63
0.9055555555555556
9.588235294117647
---
