0.3302325581395349
0.6697674418604651
2.028169014084507
0.2744186046511628
0.8309859154929577
0.4097222222222222
1.241860465116279
3.76056338028169
1.8541666666666667
4.52542372881356
0.5953488372093023
1.8028169014084507
0.8888888888888888
2.169491525423729
0.4794007490636704
0.772093023255814
2.3380281690140845
1.1527777777777777
2.8135593220338984
0.6217228464419475
1.296875
0.2744186046511628
0.8309859154929577
0.4097222222222222
1.0
0.2209737827715356
0.4609375
0.35542168674698793
0.4697674418604651
1.4225352112676057
0.7013888888888888
1.7118644067796611
0.3782771535580524
0.7890625
0.608433734939759
1.7118644067796611
1.0
3.028169014084507
1.4930555555555556
3.6440677966101696
0.8052434456928839
1.6796875
1.2951807228915662
3.6440677966101696
2.128712871287129
0.2372093023255814
0.7183098591549296
0.3541666666666667
0.864406779661017
0.19101123595505617
0.3984375
0.3072289156626506
0.864406779661017
0.504950495049505
0.2372093023255814
1.1813953488372093
3.5774647887323945
1.7638888888888888
4.305084745762712
0.951310861423221
1.984375
1.5301204819277108
4.305084745762712
2.514851485148515
1.1813953488372093
4.980392156862745
0.5441860465116279
1.647887323943662
0.8125
1.9830508474576272
0.43820224719101125
0.9140625
0.7048192771084337
1.9830508474576272
1.1584158415841583
0.5441860465116279
2.2941176470588234
0.46062992125984253
0.06511627906976744
0.19718309859154928
0.09722222222222222
0.23728813559322035
0.052434456928838954
0.109375
0.08433734939759036
0.23728813559322035
0.13861386138613863
0.06511627906976744
0.27450980392156865
0.05511811023622047
0.11965811965811966
0.9348837209302325
2.8309859154929575
1.3958333333333333
3.406779661016949
0.7528089887640449
1.5703125
1.2108433734939759
3.406779661016949
1.99009900990099
0.9348837209302325
3.9411764705882355
0.7913385826771654
1.7179487179487178
14.357142857142858
0.8418604651162791
2.5492957746478875
1.2569444444444444
3.0677966101694913
0.6779026217228464
1.4140625
1.0903614457831325
3.0677966101694913
1.7920792079207921
0.8418604651162791
3.549019607843137
0.7125984251968503
1.547008547008547
12.928571428571429
0.900497512437811
0.2372093023255814
0.7183098591549296
0.3541666666666667
0.864406779661017
0.19101123595505617
0.3984375
0.3072289156626506
0.864406779661017
0.504950495049505
0.2372093023255814
1.0
0.20078740157480315
0.4358974358974359
3.642857142857143
0.2537313432835821
0.281767955801105
0.5395348837209303
1.6338028169014085
0.8055555555555556
1.9661016949152543
0.4344569288389513
0.90625
0.6987951807228916
1.9661016949152543
1.1485148514851484
0.5395348837209303
2.2745098039215685
0.4566929133858268
0.9914529914529915
8.285714285714286
0.5771144278606966
0.6408839779005525
2.2745098039215685
1.0651162790697675
3.2253521126760565
1.5902777777777777
3.8813559322033897
0.8576779026217228
1.7890625
1.3795180722891567
3.8813559322033897
2.267326732673267
1.0651162790697675
4.490196078431373
0.9015748031496063
1.9572649572649572
16.357142857142858
1.1393034825870647
1.2651933701657458
4.490196078431373
1.9741379310344827
0.06511627906976744
0.19718309859154928
0.09722222222222222
0.23728813559322035
0.052434456928838954
0.109375
0.08433734939759036
0.23728813559322035
0.13861386138613863
0.06511627906976744
0.27450980392156865
0.05511811023622047
0.11965811965811966
1.0
0.06965174129353234
0.07734806629834254
0.27450980392156865
0.1206896551724138
0.0611353711790393
1.0
3.028169014084507
1.4930555555555556
3.6440677966101696
0.8052434456928839
1.6796875
1.2951807228915662
3.6440677966101696
2.128712871287129
1.0
4.215686274509804
0.8464566929133859
1.8376068376068375
15.357142857142858
1.0696517412935322
1.1878453038674033
4.215686274509804
1.853448275862069
0.9388646288209607
15.357142857142858
---
