0.3008130081300813
0.6991869918699187
2.324324324324324
0.3333333333333333
1.1081081081081081
0.47674418604651164
1.3008130081300813
4.324324324324325
1.8604651162790697
3.902439024390244
0.6097560975609756
2.027027027027027
0.872093023255814
1.829268292682927
0.46875
0.7398373983739838
2.4594594594594597
1.058139534883721
2.2195121951219514
0.56875
1.2133333333333334
0.3170731707317073
1.054054054054054
0.45348837209302323
0.9512195121951219
0.24375
0.52
0.42857142857142855
0.45528455284552843
1.5135135135135136
0.6511627906976745
1.3658536585365855
0.35
0.7466666666666667
0.6153846153846154
1.435897435897436
1.016260162601626
3.3783783783783785
1.4534883720930232
3.048780487804878
0.78125
1.6666666666666667
1.3736263736263736
3.2051282051282053
2.232142857142857
0.2601626016260163
0.8648648648648649
0.37209302325581395
0.7804878048780488
0.2
0.4266666666666667
0.3516483516483517
0.8205128205128205
0.5714285714285714
0.256
1.1869918699186992
3.945945945945946
1.697674418604651
3.5609756097560976
0.9125
1.9466666666666668
1.6043956043956045
3.7435897435897436
2.607142857142857
1.168
4.5625
0.5121951219512195
1.7027027027027026
0.7325581395348837
1.5365853658536586
0.39375
0.84
0.6923076923076923
1.6153846153846154
1.125
0.504
1.96875
0.4315068493150685
0.12195121951219512
0.40540540540540543
0.1744186046511628
0.36585365853658536
0.09375
0.2
0.16483516483516483
0.38461538461538464
0.26785714285714285
0.12
0.46875
0.10273972602739725
0.23809523809523808
0.8943089430894309
2.972972972972973
1.2790697674418605
2.682926829268293
0.6875
1.4666666666666666
1.2087912087912087
2.8205128205128207
1.9642857142857142
0.88
3.4375
0.7534246575342466
1.746031746031746
7.333333333333333
0.8617886178861789
2.864864864864865
1.2325581395348837
2.5853658536585367
0.6625
1.4133333333333333
1.164835164835165
2.717948717948718
1.8928571428571428
0.848
3.3125
0.726027397260274
1.6825396825396826
7.066666666666666
0.9636363636363636
0.25203252032520324
0.8378378378378378
0.36046511627906974
0.7560975609756098
0.19375
0.41333333333333333
0.34065934065934067
0.7948717948717948
0.5535714285714286
0.248
0.96875
0.21232876712328766
0.49206349206349204
2.066666666666667
0.2818181818181818
0.29245283018867924
0.5772357723577236
1.9189189189189189
0.8255813953488372
1.7317073170731707
0.44375
0.9466666666666667
0.7802197802197802
1.8205128205128205
1.2678571428571428
0.568
2.21875
0.4863013698630137
1.126984126984127
4.733333333333333
0.6454545454545455
0.6698113207547169
2.2903225806451615
1.1382113821138211
3.7837837837837838
1.627906976744186
3.4146341463414633
0.875
1.8666666666666667
1.5384615384615385
3.58974358974359
2.5
1.12
4.375
0.958904109589041
2.2222222222222223
9.333333333333334
1.2727272727272727
1.320754716981132
4.516129032258065
1.971830985915493
0.12195121951219512
0.40540540540540543
0.1744186046511628
0.36585365853658536
0.09375
0.2
0.16483516483516483
0.38461538461538464
0.26785714285714285
0.12
0.46875
0.10273972602739725
0.23809523809523808
1.0
0.13636363636363635
0.14150943396226415
0.4838709677419355
0.2112676056338028
0.10714285714285714
1.016260162601626
3.3783783783783785
1.4534883720930232
3.048780487804878
0.78125
1.6666666666666667
1.3736263736263736
3.2051282051282053
2.232142857142857
1.0
3.90625
0.8561643835616438
1.9841269841269842
8.333333333333334
1.1363636363636365
1.179245283018868
4.032258064516129
1.7605633802816902
0.8928571428571429
8.333333333333334
---
