0.29797979797979796
0.702020202020202
2.3559322033898304
0.30808080808080807
1.0338983050847457
0.43884892086330934
1.2777777777777777
4.288135593220339
1.8201438848920863
4.147540983606557
0.5909090909090909
1.9830508474576272
0.841726618705036
1.9180327868852458
0.4624505928853755
0.7424242424242424
2.4915254237288136
1.0575539568345325
2.4098360655737703
0.5810276679841897
1.2564102564102564
0.31313131313131315
1.0508474576271187
0.4460431654676259
1.0163934426229508
0.2450592885375494
0.5299145299145299
0.4217687074829932
0.4595959595959596
1.5423728813559323
0.6546762589928058
1.4918032786885247
0.35968379446640314
0.7777777777777778
0.6190476190476191
1.467741935483871
0.9949494949494949
3.3389830508474576
1.4172661870503598
3.2295081967213113
0.7786561264822134
1.6837606837606838
1.3401360544217686
3.1774193548387095
2.1648351648351647
0.23737373737373738
0.7966101694915254
0.3381294964028777
0.7704918032786885
0.1857707509881423
0.4017094017094017
0.3197278911564626
0.7580645161290323
0.5164835164835165
0.23857868020304568
1.1666666666666667
3.9152542372881354
1.6618705035971224
3.7868852459016393
0.9130434782608695
1.9743589743589745
1.5714285714285714
3.725806451612903
2.5384615384615383
1.1725888324873097
4.914893617021277
0.494949494949495
1.6610169491525424
0.7050359712230215
1.6065573770491803
0.38735177865612647
0.8376068376068376
0.6666666666666666
1.5806451612903225
1.0769230769230769
0.49746192893401014
2.0851063829787235
0.42424242424242425
0.1111111111111111
0.3728813559322034
0.15827338129496402
0.36065573770491804
0.08695652173913043
0.18803418803418803
0.14965986394557823
0.3548387096774194
0.24175824175824176
0.1116751269035533
0.46808510638297873
0.09523809523809523
0.22448979591836735
0.8838383838383839
2.9661016949152543
1.2589928057553956
2.8688524590163933
0.691699604743083
1.4957264957264957
1.1904761904761905
2.8225806451612905
1.9230769230769231
0.8883248730964467
3.723404255319149
0.7575757575757576
1.7857142857142858
7.954545454545454
0.8535353535353535
2.864406779661017
1.2158273381294964
2.7704918032786887
0.6679841897233202
1.4444444444444444
1.1496598639455782
2.725806451612903
1.8571428571428572
0.8578680203045685
3.595744680851064
0.7316017316017316
1.7244897959183674
7.681818181818182
0.9657142857142857
0.24242424242424243
0.8135593220338984
0.34532374100719426
0.7868852459016393
0.18972332015810275
0.41025641025641024
0.32653061224489793
0.7741935483870968
0.5274725274725275
0.2436548223350254
1.0212765957446808
0.2077922077922078
0.4897959183673469
2.1818181818181817
0.2742857142857143
0.28402366863905326
0.5707070707070707
1.9152542372881356
0.8129496402877698
1.8524590163934427
0.44664031620553357
0.9658119658119658
0.7687074829931972
1.8225806451612903
1.2417582417582418
0.5736040609137056
2.404255319148936
0.48917748917748916
1.153061224489796
5.136363636363637
0.6457142857142857
0.6686390532544378
2.3541666666666665
1.106060606060606
3.711864406779661
1.5755395683453237
3.5901639344262297
0.8656126482213439
1.8717948717948718
1.489795918367347
3.532258064516129
2.4065934065934065
1.1116751269035532
4.659574468085107
0.948051948051948
2.2346938775510203
9.954545454545455
1.2514285714285713
1.2958579881656804
4.5625
1.9380530973451326
0.1111111111111111
0.3728813559322034
0.15827338129496402
0.36065573770491804
0.08695652173913043
0.18803418803418803
0.14965986394557823
0.3548387096774194
0.24175824175824176
0.1116751269035533
0.46808510638297873
0.09523809523809523
0.22448979591836735
1.0
0.12571428571428572
0.1301775147928994
0.4583333333333333
0.19469026548672566
0.1004566210045662
0.9949494949494949
3.3389830508474576
1.4172661870503598
3.2295081967213113
0.7786561264822134
1.6837606837606838
1.3401360544217686
3.1774193548387095
2.1648351648351647
1.0
4.191489361702128
0.8528138528138528
2.010204081632653
8.954545454545455
1.1257142857142857
1.165680473372781
4.104166666666667
1.7433628318584071
0.8995433789954338
8.954545454545455
---
