0.29891304347826086
0.7010869565217391
2.3454545454545452
0.358695652173913
1.2
0.5116279069767442
1.315217391304348
4.4
1.875968992248062
3.6666666666666665
0.6413043478260869
2.1454545454545455
0.9147286821705426
1.7878787878787878
0.48760330578512395
0.717391304347826
2.4
1.0232558139534884
2.0
0.5454545454545454
1.11864406779661
0.358695652173913
1.2
0.5116279069767442
1.0
0.2727272727272727
0.559322033898305
0.5
0.45108695652173914
1.509090909090909
0.6434108527131783
1.2575757575757576
0.34297520661157027
0.7033898305084746
0.6287878787878788
1.2575757575757576
1.0
3.3454545454545452
1.426356589147287
2.787878787878788
0.7603305785123967
1.5593220338983051
1.393939393939394
2.787878787878788
2.216867469879518
0.30434782608695654
1.018181818181818
0.43410852713178294
0.8484848484848485
0.23140495867768596
0.4745762711864407
0.42424242424242425
0.8484848484848485
0.6746987951807228
0.30434782608695654
1.2228260869565217
4.090909090909091
1.744186046511628
3.409090909090909
0.9297520661157025
1.9067796610169492
1.7045454545454546
3.409090909090909
2.710843373493976
1.2228260869565217
4.017857142857143
0.5652173913043478
1.8909090909090909
0.8062015503875969
1.5757575757575757
0.4297520661157025
0.8813559322033898
0.7878787878787878
1.5757575757575757
1.2530120481927711
0.5652173913043478
1.8571428571428572
0.4622222222222222
0.10869565217391304
0.36363636363636365
0.15503875968992248
0.30303030303030304
0.08264462809917356
0.1694915254237288
0.15151515151515152
0.30303030303030304
0.24096385542168675
0.10869565217391304
0.35714285714285715
0.08888888888888889
0.19230769230769232
0.8967391304347826
3.0
1.2790697674418605
2.5
0.6818181818181818
1.3983050847457628
1.25
2.5
1.9879518072289157
0.8967391304347826
2.9464285714285716
0.7333333333333333
1.5865384615384615
8.25
0.8315217391304348
2.7818181818181817
1.186046511627907
2.3181818181818183
0.6322314049586777
1.2966101694915255
1.1590909090909092
2.3181818181818183
1.8433734939759037
0.8315217391304348
2.732142857142857
0.68
1.4711538461538463
7.65
0.9272727272727272
0.30434782608695654
1.018181818181818
0.43410852713178294
0.8484848484848485
0.23140495867768596
0.4745762711864407
0.42424242424242425
0.8484848484848485
0.6746987951807228
0.30434782608695654
1.0
0.24888888888888888
0.5384615384615384
2.8
0.3393939393939394
0.3660130718954248
0.5652173913043478
1.8909090909090909
0.8062015503875969
1.5757575757575757
0.4297520661157025
0.8813559322033898
0.7878787878787878
1.5757575757575757
1.2530120481927711
0.5652173913043478
1.8571428571428572
0.4622222222222222
1.0
5.2
0.6303030303030303
0.6797385620915033
1.8571428571428572
1.1032608695652173
3.690909090909091
1.573643410852713
3.0757575757575757
0.8388429752066116
1.7203389830508475
1.5378787878787878
3.0757575757575757
2.4457831325301207
1.1032608695652173
3.625
0.9022222222222223
1.9519230769230769
10.15
1.2303030303030302
1.326797385620915
3.625
1.9519230769230769
0.10869565217391304
0.36363636363636365
0.15503875968992248
0.30303030303030304
0.08264462809917356
0.1694915254237288
0.15151515151515152
0.30303030303030304
0.24096385542168675
0.10869565217391304
0.35714285714285715
0.08888888888888889
0.19230769230769232
1.0
0.12121212121212122
0.13071895424836602
0.35714285714285715
0.19230769230769232
0.09852216748768473
1.0
3.3454545454545452
1.426356589147287
2.787878787878788
0.7603305785123967
1.5593220338983051
1.393939393939394
2.787878787878788
2.216867469879518
1.0
3.2857142857142856
0.8177777777777778
1.7692307692307692
9.2
1.1151515151515152
1.2026143790849673
3.2857142857142856
1.7692307692307692
0.9064039408866995
9.2
---
