0.28994082840236685
0.7100591715976331
2.4489795918367347
0.33727810650887574
1.163265306122449
0.475
1.2840236686390532
4.428571428571429
1.8083333333333333
3.807017543859649
0.5976331360946746
2.061224489795918
0.8416666666666667
1.7719298245614035
0.46543778801843316
0.727810650887574
2.510204081632653
1.025
2.1578947368421053
0.5668202764976958
1.2178217821782178
0.3668639053254438
1.2653061224489797
0.5166666666666667
1.087719298245614
0.2857142857142857
0.6138613861386139
0.5040650406504065
0.46153846153846156
1.5918367346938775
0.65
1.368421052631579
0.35944700460829493
0.7722772277227723
0.6341463414634146
1.2580645161290323
0.9644970414201184
3.326530612244898
1.3583333333333334
2.8596491228070176
0.7511520737327189
1.613861386138614
1.3252032520325203
2.629032258064516
2.08974358974359
0.2603550295857988
0.8979591836734694
0.36666666666666664
0.7719298245614035
0.20276497695852536
0.43564356435643564
0.35772357723577236
0.7096774193548387
0.5641025641025641
0.26993865030674846
1.136094674556213
3.9183673469387754
1.6
3.3684210526315788
0.8847926267281107
1.900990099009901
1.5609756097560976
3.096774193548387
2.4615384615384617
1.177914110429448
4.363636363636363
0.46745562130177515
1.6122448979591837
0.6583333333333333
1.3859649122807018
0.3640552995391705
0.7821782178217822
0.6422764227642277
1.2741935483870968
1.0128205128205128
0.48466257668711654
1.7954545454545454
0.4114583333333333
0.15384615384615385
0.5306122448979592
0.21666666666666667
0.45614035087719296
0.11981566820276497
0.25742574257425743
0.21138211382113822
0.41935483870967744
0.3333333333333333
0.15950920245398773
0.5909090909090909
0.13541666666666666
0.3291139240506329
0.8106508875739645
2.795918367346939
1.1416666666666666
2.4035087719298245
0.631336405529954
1.3564356435643565
1.113821138211382
2.2096774193548385
1.7564102564102564
0.8404907975460123
3.1136363636363638
0.7135416666666666
1.7341772151898733
5.269230769230769
0.9171597633136095
3.163265306122449
1.2916666666666667
2.719298245614035
0.7142857142857143
1.5346534653465347
1.2601626016260163
2.5
1.9871794871794872
0.950920245398773
3.522727272727273
0.8072916666666666
1.9620253164556962
5.961538461538462
1.1313868613138687
0.2603550295857988
0.8979591836734694
0.36666666666666664
0.7719298245614035
0.20276497695852536
0.43564356435643564
0.35772357723577236
0.7096774193548387
0.5641025641025641
0.26993865030674846
1.0
0.22916666666666666
0.5569620253164557
1.6923076923076923
0.32116788321167883
0.2838709677419355
0.6449704142011834
2.2244897959183674
0.9083333333333333
1.912280701754386
0.5023041474654378
1.0792079207920793
0.8861788617886179
1.7580645161290323
1.3974358974358974
0.6687116564417178
2.477272727272727
0.5677083333333334
1.379746835443038
4.1923076923076925
0.7956204379562044
0.7032258064516129
2.477272727272727
1.1538461538461537
3.979591836734694
1.625
3.4210526315789473
0.8986175115207373
1.9306930693069306
1.5853658536585367
3.1451612903225805
2.5
1.196319018404908
4.431818181818182
1.015625
2.4683544303797467
7.5
1.4233576642335766
1.2580645161290323
4.431818181818182
1.7889908256880733
0.1893491124260355
0.6530612244897959
0.26666666666666666
0.5614035087719298
0.14746543778801843
0.31683168316831684
0.2601626016260163
0.5161290322580645
0.41025641025641024
0.19631901840490798
0.7272727272727273
0.16666666666666666
0.4050632911392405
1.2307692307692308
0.23357664233576642
0.2064516129032258
0.7272727272727273
0.29357798165137616
0.1641025641025641
1.0
3.4489795918367347
1.4083333333333334
2.9649122807017543
0.7788018433179723
1.6732673267326732
1.3739837398373984
2.725806451612903
2.1666666666666665
1.0368098159509203
3.840909090909091
0.8802083333333334
2.1392405063291138
6.5
1.2335766423357664
1.0903225806451613
3.840909090909091
1.5504587155963303
0.8666666666666667
5.28125
---
0.2676056338028169
0.7323943661971831
2.736842105263158
0.3345070422535211
1.25
0.4567307692307692
1.295774647887324
4.842105263157895
1.7692307692307692
3.873684210526316
0.5880281690140845
2.1973684210526314
0.8028846153846154
1.7578947368421052
0.453804347826087
0.7253521126760564
2.710526315789474
0.9903846153846154
2.168421052631579
0.5597826086956522
1.2335329341317365
0.3415492957746479
1.2763157894736843
0.46634615384615385
1.0210526315789474
0.26358695652173914
0.5808383233532934
0.470873786407767
0.4788732394366197
1.7894736842105263
0.6538461538461539
1.431578947368421
0.3695652173913043
0.8143712574850299
0.6601941747572816
1.402061855670103
0.9894366197183099
3.6973684210526314
1.3509615384615385
2.957894736842105
0.7635869565217391
1.6826347305389222
1.3640776699029127
2.8969072164948453
2.0661764705882355
0.27816901408450706
1.0394736842105263
0.3798076923076923
0.8315789473684211
0.21467391304347827
0.47305389221556887
0.38349514563106796
0.8144329896907216
0.5808823529411765
0.28113879003558717
1.1901408450704225
4.447368421052632
1.625
3.557894736842105
0.9184782608695652
2.0239520958083834
1.6407766990291262
3.484536082474227
2.485294117647059
1.2028469750889679
4.2784810126582276
0.5035211267605634
1.881578947368421
0.6875
1.5052631578947369
0.38858695652173914
0.8562874251497006
0.6941747572815534
1.4742268041237114
1.0514705882352942
0.5088967971530249
1.8101265822784811
0.4230769230769231
0.11971830985915492
0.4473684210526316
0.16346153846153846
0.35789473684210527
0.09239130434782608
0.20359281437125748
0.1650485436893204
0.35051546391752575
0.25
0.12099644128113879
0.43037974683544306
0.10059171597633136
0.23776223776223776
0.8767605633802817
3.276315789473684
1.1971153846153846
2.6210526315789475
0.6766304347826086
1.4910179640718564
1.2087378640776698
2.5670103092783507
1.8308823529411764
0.8861209964412812
3.151898734177215
0.7366863905325444
1.7412587412587412
7.323529411764706
0.8450704225352113
3.1578947368421053
1.1538461538461537
2.526315789473684
0.6521739130434783
1.437125748502994
1.1650485436893203
2.4742268041237114
1.7647058823529411
0.8540925266903915
3.037974683544304
0.7100591715976331
1.6783216783216783
7.0588235294117645
0.963855421686747
0.2852112676056338
1.0657894736842106
0.3894230769230769
0.8526315789473684
0.22010869565217392
0.48502994011976047
0.3932038834951456
0.8350515463917526
0.5955882352941176
0.28825622775800713
1.0253164556962024
0.23964497041420119
0.5664335664335665
2.3823529411764706
0.3253012048192771
0.3375
0.602112676056338
2.25
0.8221153846153846
1.8
0.46467391304347827
1.0239520958083832
0.8300970873786407
1.7628865979381443
1.2573529411764706
0.608540925266904
2.1645569620253164
0.5059171597633136
1.1958041958041958
5.029411764705882
0.6867469879518072
0.7125
2.111111111111111
1.102112676056338
4.118421052631579
1.5048076923076923
3.294736842105263
0.8505434782608695
1.874251497005988
1.5194174757281553
3.2268041237113403
2.301470588235294
1.113879003558719
3.962025316455696
0.9260355029585798
2.1888111888111887
9.205882352941176
1.2570281124497993
1.3041666666666667
3.8641975308641974
1.8304093567251463
0.11971830985915492
0.4473684210526316
0.16346153846153846
0.35789473684210527
0.09239130434782608
0.20359281437125748
0.1650485436893204
0.35051546391752575
0.25
0.12099644128113879
0.43037974683544306
0.10059171597633136
0.23776223776223776
1.0
0.13654618473895583
0.14166666666666666
0.41975308641975306
0.19883040935672514
0.10862619808306709
0.9894366197183099
3.6973684210526314
1.3509615384615385
2.957894736842105
0.7635869565217391
1.6826347305389222
1.3640776699029127
2.8969072164948453
2.0661764705882355
1.0
3.5569620253164556
0.8313609467455622
1.965034965034965
8.264705882352942
1.1285140562248996
1.1708333333333334
3.4691358024691357
1.6432748538011697
0.8977635782747604
8.264705882352942
---
