0.2545454545454545
0.7454545454545455
2.9285714285714284
0.32727272727272727
1.2857142857142858
0.43902439024390244
1.303030303030303
5.119047619047619
1.7479674796747968
3.9814814814814814
0.5696969696969697
2.238095238095238
0.7642276422764228
1.7407407407407407
0.4372093023255814
0.7151515151515152
2.8095238095238093
0.959349593495935
2.185185185185185
0.5488372093023256
1.2553191489361701
0.32727272727272727
1.2857142857142858
0.43902439024390244
1.0
0.25116279069767444
0.574468085106383
0.4576271186440678
0.4666666666666667
1.8333333333333333
0.6260162601626016
1.4259259259259258
0.3581395348837209
0.8191489361702128
0.652542372881356
1.4259259259259258
1.0
3.9285714285714284
1.3414634146341464
3.0555555555555554
0.7674418604651163
1.7553191489361701
1.3983050847457628
3.0555555555555554
2.142857142857143
0.2727272727272727
1.0714285714285714
0.36585365853658536
0.8333333333333334
0.20930232558139536
0.4787234042553192
0.3813559322033898
0.8333333333333334
0.5844155844155844
0.2727272727272727
1.187878787878788
4.666666666666667
1.5934959349593496
3.6296296296296298
0.9116279069767442
2.0851063829787235
1.6610169491525424
3.6296296296296298
2.5454545454545454
1.187878787878788
4.355555555555555
0.4727272727272727
1.8571428571428572
0.6341463414634146
1.4444444444444444
0.3627906976744186
0.8297872340425532
0.6610169491525424
1.4444444444444444
1.0129870129870129
0.4727272727272727
1.7333333333333334
0.3979591836734694
0.14545454545454545
0.5714285714285714
0.1951219512195122
0.4444444444444444
0.11162790697674418
0.2553191489361702
0.2033898305084746
0.4444444444444444
0.3116883116883117
0.14545454545454545
0.5333333333333333
0.12244897959183673
0.3076923076923077
0.8727272727272727
3.4285714285714284
1.170731707317073
2.6666666666666665
0.6697674418604651
1.5319148936170213
1.2203389830508475
2.6666666666666665
1.87012987012987
0.8727272727272727
3.2
0.7346938775510204
1.8461538461538463
6.0
0.8545454545454545
3.357142857142857
1.146341463414634
2.611111111111111
0.6558139534883721
1.5
1.194915254237288
2.611111111111111
1.8311688311688312
0.8545454545454545
3.1333333333333333
0.7193877551020408
1.8076923076923077
5.875
0.9791666666666666
0.2727272727272727
1.0714285714285714
0.36585365853658536
0.8333333333333334
0.20930232558139536
0.4787234042553192
0.3813559322033898
0.8333333333333334
0.5844155844155844
0.2727272727272727
1.0
0.22959183673469388
0.5769230769230769
1.875
0.3125
0.3191489361702128
0.6121212121212121
2.4047619047619047
0.8211382113821138
1.8703703703703705
0.4697674418604651
1.074468085106383
0.8559322033898306
1.8703703703703705
1.3116883116883118
0.6121212121212121
2.2444444444444445
0.5153061224489796
1.294871794871795
4.208333333333333
0.7013888888888888
0.7163120567375887
2.2444444444444445
1.1272727272727272
4.428571428571429
1.5121951219512195
3.4444444444444446
0.8651162790697674
1.9787234042553192
1.576271186440678
3.4444444444444446
2.4155844155844157
1.1272727272727272
4.133333333333334
0.9489795918367347
2.3846153846153846
7.75
1.2916666666666667
1.3191489361702127
4.133333333333334
1.8415841584158417
0.14545454545454545
0.5714285714285714
0.1951219512195122
0.4444444444444444
0.11162790697674418
0.2553191489361702
0.2033898305084746
0.4444444444444444
0.3116883116883117
0.14545454545454545
0.5333333333333333
0.12244897959183673
0.3076923076923077
1.0
0.16666666666666666
0.1702127659574468
0.5333333333333333
0.2376237623762376
0.12903225806451613
1.0
3.9285714285714284
1.3414634146341464
3.0555555555555554
0.7674418604651163
1.7553191489361701
1.3983050847457628
3.0555555555555554
2.142857142857143
1.0
3.6666666666666665
0.8418367346938775
2.1153846153846154
6.875
1.1458333333333333
1.1702127659574468
3.6666666666666665
1.6336633663366336
0.8870967741935484
6.875
---
