0.32098765432098764
0.6790123456790124
2.1153846153846154
0.26337448559670784
0.8205128205128205
0.3878787878787879
1.2304526748971194
3.8333333333333335
1.812121212121212
4.671875
0.5679012345679012
1.7692307692307692
0.8363636363636363
2.15625
0.46153846153846156
0.7901234567901234
2.4615384615384617
1.1636363636363636
3.0
0.6421404682274248
1.391304347826087
0.26337448559670784
0.8205128205128205
0.3878787878787879
1.0
0.2140468227424749
0.463768115942029
0.3333333333333333
0.48559670781893005
1.5128205128205128
0.7151515151515152
1.84375
0.39464882943143814
0.855072463768116
0.6145833333333334
1.84375
1.0
3.1153846153846154
1.4727272727272727
3.796875
0.8127090301003345
1.7608695652173914
1.265625
3.796875
2.059322033898305
0.25102880658436216
0.782051282051282
0.3696969696969697
0.953125
0.2040133779264214
0.4420289855072464
0.3177083333333333
0.953125
0.5169491525423728
0.25102880658436216
1.1975308641975309
3.730769230769231
1.7636363636363637
4.546875
0.9732441471571907
2.108695652173913
1.515625
4.546875
2.4661016949152543
1.1975308641975309
4.770491803278689
0.5432098765432098
1.6923076923076923
0.8
2.0625
0.4414715719063545
0.9565217391304348
0.6875
2.0625
1.11864406779661
0.5432098765432098
2.1639344262295084
0.4536082474226804
0.0411522633744856
0.1282051282051282
0.06060606060606061
0.15625
0.033444816053511704
0.07246376811594203
0.052083333333333336
0.15625
0.0847457627118644
0.0411522633744856
0.16393442622950818
0.03436426116838488
0.07575757575757576
0.9629629629629629
3.0
1.4181818181818182
3.65625
0.782608695652174
1.6956521739130435
1.21875
3.65625
1.9830508474576272
0.9629629629629629
3.8360655737704916
0.8041237113402062
1.7727272727272727
23.4
0.831275720164609
2.58974358974359
1.2242424242424241
3.15625
0.6755852842809364
1.463768115942029
1.0520833333333333
3.15625
1.7118644067796611
0.831275720164609
3.3114754098360657
0.6941580756013745
1.5303030303030303
20.2
0.8632478632478633
0.25102880658436216
0.782051282051282
0.3696969696969697
0.953125
0.2040133779264214
0.4420289855072464
0.3177083333333333
0.953125
0.5169491525423728
0.25102880658436216
1.0
0.20962199312714777
0.4621212121212121
6.1
0.2606837606837607
0.30198019801980197
0.5308641975308642
1.6538461538461537
0.7818181818181819
2.015625
0.431438127090301
0.9347826086956522
0.671875
2.015625
1.0932203389830508
0.5308641975308642
2.1147540983606556
0.44329896907216493
0.9772727272727273
12.9
0.5512820512820513
0.6386138613861386
2.1147540983606556
1.037037037037037
3.230769230769231
1.5272727272727273
3.9375
0.842809364548495
1.826086956521739
1.3125
3.9375
2.135593220338983
1.037037037037037
4.131147540983607
0.865979381443299
1.9090909090909092
25.2
1.0769230769230769
1.2475247524752475
4.131147540983607
1.9534883720930232
0.0411522633744856
0.1282051282051282
0.06060606060606061
0.15625
0.033444816053511704
0.07246376811594203
0.052083333333333336
0.15625
0.0847457627118644
0.0411522633744856
0.16393442622950818
0.03436426116838488
0.07575757575757576
1.0
0.042735042735042736
0.04950495049504951
0.16393442622950818
0.07751937984496124
0.03968253968253968
1.0
3.1153846153846154
1.4727272727272727
3.796875
0.8127090301003345
1.7608695652173914
1.265625
3.796875
2.059322033898305
1.0
3.9836065573770494
0.8350515463917526
1.8409090909090908
24.3
1.0384615384615385
1.202970297029703
3.9836065573770494
1.8837209302325582
0.9642857142857143
24.3
---
