0.3259668508287293
0.6795580110497238
2.0847457627118646
0.30939226519337015
0.9491525423728814
0.45528455284552843
1.2596685082872927
3.864406779661017
1.853658536585366
4.071428571428571
0.6243093922651933
1.9152542372881356
0.9186991869918699
2.017857142857143
0.4956140350877193
0.7734806629834254
2.3728813559322033
1.1382113821138211
2.5
0.6140350877192983
1.238938053097345
0.30939226519337015
0.9491525423728814
0.45528455284552843
1.0
0.24561403508771928
0.49557522123893805
0.4
0.5027624309392266
1.5423728813559323
0.7398373983739838
1.625
0.3991228070175439
0.8053097345132744
0.65
1.625
1.0
3.0677966101694913
1.4715447154471544
3.232142857142857
0.793859649122807
1.6017699115044248
1.292857142857143
3.232142857142857
1.989010989010989
0.2541436464088398
0.7796610169491526
0.37398373983739835
0.8214285714285714
0.20175438596491227
0.40707964601769914
0.32857142857142857
0.8214285714285714
0.5054945054945055
0.2541436464088398
1.149171270718232
3.5254237288135593
1.6910569105691058
3.7142857142857144
0.9122807017543859
1.8407079646017699
1.4857142857142858
3.7142857142857144
2.2857142857142856
1.149171270718232
4.521739130434782
0.5359116022099447
1.6440677966101696
0.7886178861788617
1.7321428571428572
0.42543859649122806
0.8584070796460177
0.6928571428571428
1.7321428571428572
1.065934065934066
0.5359116022099447
2.108695652173913
0.46634615384615385
0.11602209944751381
0.3559322033898305
0.17073170731707318
0.375
0.09210526315789473
0.18584070796460178
0.15
0.375
0.23076923076923078
0.11602209944751381
0.45652173913043476
0.10096153846153846
0.21649484536082475
0.8839779005524862
2.711864406779661
1.3008130081300813
2.857142857142857
0.7017543859649122
1.415929203539823
1.1428571428571428
2.857142857142857
1.7582417582417582
0.8839779005524862
3.4782608695652173
0.7692307692307693
1.6494845360824741
7.619047619047619
0.8950276243093923
2.7457627118644066
1.3170731707317074
2.892857142857143
0.7105263157894737
1.4336283185840708
1.1571428571428573
2.892857142857143
1.7802197802197801
0.8950276243093923
3.5217391304347827
0.7788461538461539
1.6701030927835052
7.714285714285714
1.0125
0.2541436464088398
0.7796610169491526
0.37398373983739835
0.8214285714285714
0.20175438596491227
0.40707964601769914
0.32857142857142857
0.8214285714285714
0.5054945054945055
0.2541436464088398
1.0
0.22115384615384615
0.4742268041237113
2.1904761904761907
0.2875
0.2839506172839506
0.6187845303867403
1.8983050847457628
0.9105691056910569
2.0
0.49122807017543857
0.9911504424778761
0.8
2.0
1.2307692307692308
0.6187845303867403
2.4347826086956523
0.5384615384615384
1.1546391752577319
5.333333333333333
0.7
0.691358024691358
2.4347826086956523
1.1160220994475138
3.4237288135593222
1.6422764227642277
3.607142857142857
0.8859649122807017
1.7876106194690264
1.4428571428571428
3.607142857142857
2.21978021978022
1.1160220994475138
4.391304347826087
0.9711538461538461
2.082474226804124
9.619047619047619
1.2625
1.2469135802469136
4.391304347826087
1.8035714285714286
0.11602209944751381
0.3559322033898305
0.17073170731707318
0.375
0.09210526315789473
0.18584070796460178
0.15
0.375
0.23076923076923078
0.11602209944751381
0.45652173913043476
0.10096153846153846
0.21649484536082475
1.0
0.13125
0.12962962962962962
0.45652173913043476
0.1875
0.10396039603960396
1.0
3.0677966101694913
1.4715447154471544
3.232142857142857
0.793859649122807
1.6017699115044248
1.292857142857143
3.232142857142857
1.989010989010989
1.0
3.9347826086956523
0.8701923076923077
1.865979381443299
8.619047619047619
1.13125
1.117283950617284
3.9347826086956523
1.6160714285714286
0.8960396039603961
8.619047619047619
---
