0.23754789272030652
0.7624521072796935
3.2096774193548385
0.3524904214559387
1.4838709677419355
0.4623115577889447
1.314176245210728
5.532258064516129
1.7236180904522613
3.7282608695652173
0.5823754789272031
2.4516129032258065
0.7638190954773869
1.6521739130434783
0.44314868804664725
0.7203065134099617
3.032258064516129
0.9447236180904522
2.0434782608695654
0.5481049562682215
1.236842105263158
0.3524904214559387
1.4838709677419355
0.4623115577889447
1.0
0.26822157434402333
0.6052631578947368
0.48936170212765956
0.5095785440613027
2.1451612903225805
0.6683417085427136
1.4456521739130435
0.3877551020408163
0.875
0.7074468085106383
1.4456521739130435
1.0
4.209677419354839
1.3115577889447236
2.8369565217391304
0.760932944606414
1.7171052631578947
1.3882978723404256
2.8369565217391304
1.962406015037594
0.31417624521072796
1.3225806451612903
0.4120603015075377
0.8913043478260869
0.239067055393586
0.5394736842105263
0.43617021276595747
0.8913043478260869
0.6165413533834586
0.31417624521072796
1.2528735632183907
5.274193548387097
1.64321608040201
3.5543478260869565
0.9533527696793003
2.151315789473684
1.7393617021276595
3.5543478260869565
2.4586466165413534
1.2528735632183907
3.9878048780487805
0.5363984674329502
2.2580645161290325
0.7035175879396985
1.5217391304347827
0.40816326530612246
0.9210526315789473
0.7446808510638298
1.5217391304347827
1.0526315789473684
0.5363984674329502
1.7073170731707317
0.42813455657492355
0.06896551724137931
0.2903225806451613
0.09045226130653267
0.1956521739130435
0.052478134110787174
0.11842105263157894
0.09574468085106383
0.1956521739130435
0.13533834586466165
0.06896551724137931
0.21951219512195122
0.05504587155963303
0.12857142857142856
0.9348659003831418
3.935483870967742
1.2261306532663316
2.652173913043478
0.7113702623906706
1.605263157894737
1.297872340425532
2.652173913043478
1.8345864661654134
0.9348659003831418
2.975609756097561
0.746177370030581
1.7428571428571429
13.555555555555555
0.789272030651341
3.3225806451612905
1.035175879396985
2.239130434782609
0.6005830903790087
1.355263157894737
1.0957446808510638
2.239130434782609
1.5488721804511278
0.789272030651341
2.5121951219512195
0.6299694189602446
1.4714285714285715
11.444444444444445
0.8442622950819673
0.31417624521072796
1.3225806451612903
0.4120603015075377
0.8913043478260869
0.239067055393586
0.5394736842105263
0.43617021276595747
0.8913043478260869
0.6165413533834586
0.31417624521072796
1.0
0.25076452599388377
0.5857142857142857
4.555555555555555
0.3360655737704918
0.39805825242718446
0.578544061302682
2.435483870967742
0.7587939698492462
1.641304347826087
0.4402332361516035
0.993421052631579
0.8031914893617021
1.641304347826087
1.1353383458646618
0.578544061302682
1.8414634146341464
0.4617737003058104
1.0785714285714285
8.38888888888889
0.6188524590163934
0.7330097087378641
1.8414634146341464
1.0651340996168583
4.483870967741935
1.3969849246231156
3.0217391304347827
0.8104956268221575
1.8289473684210527
1.4787234042553192
3.0217391304347827
2.0902255639097747
1.0651340996168583
3.3902439024390243
0.8501529051987767
1.9857142857142858
15.444444444444445
1.139344262295082
1.3495145631067962
3.3902439024390243
1.8410596026490067
0.06896551724137931
0.2903225806451613
0.09045226130653267
0.1956521739130435
0.052478134110787174
0.11842105263157894
0.09574468085106383
0.1956521739130435
0.13533834586466165
0.06896551724137931
0.21951219512195122
0.05504587155963303
0.12857142857142856
1.0
0.07377049180327869
0.08737864077669903
0.21951219512195122
0.11920529801324503
0.06474820143884892
1.0
4.209677419354839
1.3115577889447236
2.8369565217391304
0.760932944606414
1.7171052631578947
1.3882978723404256
2.8369565217391304
1.962406015037594
1.0
3.182926829268293
0.7981651376146789
1.8642857142857143
14.5
1.069672131147541
1.266990291262136
3.182926829268293
1.728476821192053
0.9388489208633094
14.5
---
