0.3155080213903743
0.6844919786096256
2.169491525423729
0.2994652406417112
0.9491525423728814
0.4375
1.2566844919786095
3.983050847457627
1.8359375
4.196428571428571
0.5989304812834224
1.8983050847457628
0.875
2.0
0.4765957446808511
0.7700534759358288
2.440677966101695
1.125
2.5714285714285716
0.6127659574468085
1.2857142857142858
0.2994652406417112
0.9491525423728814
0.4375
1.0
0.23829787234042554
0.5
0.3888888888888889
0.48663101604278075
1.5423728813559323
0.7109375
1.625
0.3872340425531915
0.8125
0.6319444444444444
1.625
1.0
3.169491525423729
1.4609375
3.3392857142857144
0.7957446808510639
1.6696428571428572
1.2986111111111112
3.3392857142857144
2.0549450549450547
0.22459893048128343
0.711864406779661
0.328125
0.75
0.17872340425531916
0.375
0.2916666666666667
0.75
0.46153846153846156
0.22459893048128343
1.160427807486631
3.6779661016949152
1.6953125
3.875
0.9234042553191489
1.9375
1.5069444444444444
3.875
2.3846153846153846
1.160427807486631
5.166666666666667
0.5133689839572193
1.6271186440677967
0.75
1.7142857142857142
0.4085106382978723
0.8571428571428571
0.6666666666666666
1.7142857142857142
1.054945054945055
0.5133689839572193
2.2857142857142856
0.4423963133640553
0.0962566844919786
0.3050847457627119
0.140625
0.32142857142857145
0.07659574468085106
0.16071428571428573
0.125
0.32142857142857145
0.1978021978021978
0.0962566844919786
0.42857142857142855
0.08294930875576037
0.1875
0.9037433155080213
2.864406779661017
1.3203125
3.017857142857143
0.7191489361702128
1.5089285714285714
1.1736111111111112
3.017857142857143
1.8571428571428572
0.9037433155080213
4.023809523809524
0.7788018433179723
1.7604166666666667
9.38888888888889
0.8663101604278075
2.7457627118644066
1.265625
2.892857142857143
0.6893617021276596
1.4464285714285714
1.125
2.892857142857143
1.7802197802197801
0.8663101604278075
3.857142857142857
0.7465437788018433
1.6875
9.0
0.9585798816568047
0.22459893048128343
0.711864406779661
0.328125
0.75
0.17872340425531916
0.375
0.2916666666666667
0.75
0.46153846153846156
0.22459893048128343
1.0
0.1935483870967742
0.4375
2.3333333333333335
0.2485207100591716
0.25925925925925924
0.5775401069518716
1.8305084745762712
0.84375
1.9285714285714286
0.4595744680851064
0.9642857142857143
0.75
1.9285714285714286
1.1868131868131868
0.5775401069518716
2.5714285714285716
0.4976958525345622
1.125
6.0
0.6390532544378699
0.6666666666666666
2.5714285714285716
1.0962566844919786
3.4745762711864407
1.6015625
3.6607142857142856
0.8723404255319149
1.8303571428571428
1.4236111111111112
3.6607142857142856
2.2527472527472527
1.0962566844919786
4.880952380952381
0.9447004608294931
2.1354166666666665
11.38888888888889
1.21301775147929
1.2654320987654322
4.880952380952381
1.8981481481481481
0.0962566844919786
0.3050847457627119
0.140625
0.32142857142857145
0.07659574468085106
0.16071428571428573
0.125
0.32142857142857145
0.1978021978021978
0.0962566844919786
0.42857142857142855
0.08294930875576037
0.1875
1.0
0.10650887573964497
0.1111111111111111
0.42857142857142855
0.16666666666666666
0.08780487804878048
1.0
3.169491525423729
1.4609375
3.3392857142857144
0.7957446808510639
1.6696428571428572
1.2986111111111112
3.3392857142857144
2.0549450549450547
1.0
4.4523809523809526
0.8617511520737328
1.9479166666666667
10.38888888888889
1.106508875739645
1.154320987654321
4.4523809523809526
1.7314814814814814
0.9121951219512195
10.38888888888889
---
0.3598130841121495
0.6401869158878505
1.7792207792207793
0.308411214953271
0.8571428571428571
0.48175182481751827
1.266355140186916
3.5194805194805197
1.9781021897810218
4.106060606060606
0.6495327102803738
1.8051948051948052
1.0145985401459854
2.106060606060606
0.5129151291512916
0.7616822429906542
2.116883116883117
1.1897810218978102
2.4696969696969697
0.6014760147601476
1.1726618705035972
0.308411214953271
0.8571428571428571
0.48175182481751827
1.0
0.24354243542435425
0.4748201438848921
0.4049079754601227
0.43457943925233644
1.2077922077922079
0.6788321167883211
1.4090909090909092
0.34317343173431736
0.6690647482014388
0.5705521472392638
1.4090909090909092
1.0
2.779220779220779
1.562043795620438
3.242424242424242
0.7896678966789668
1.539568345323741
1.312883435582822
3.242424242424242
2.3010752688172045
0.2383177570093458
0.6623376623376623
0.3722627737226277
0.7727272727272727
0.1881918819188192
0.3669064748201439
0.3128834355828221
0.7727272727272727
0.5483870967741935
0.2383177570093458
1.1682242990654206
3.2467532467532467
1.8248175182481752
3.787878787878788
0.922509225092251
1.7985611510791366
1.5337423312883436
3.787878787878788
2.6881720430107525
1.1682242990654206
4.901960784313726
0.5514018691588785
1.5324675324675325
0.8613138686131386
1.7878787878787878
0.4354243542435424
0.8489208633093526
0.7239263803680982
1.7878787878787878
1.2688172043010753
0.5514018691588785
2.3137254901960786
0.472
0.102803738317757
0.2857142857142857
0.16058394160583941
0.3333333333333333
0.08118081180811808
0.15827338129496402
0.13496932515337423
0.3333333333333333
0.23655913978494625
0.102803738317757
0.43137254901960786
0.088
0.1864406779661017
0.897196261682243
2.4935064935064934
1.4014598540145986
2.909090909090909
0.7084870848708487
1.381294964028777
1.177914110429448
2.909090909090909
2.064516129032258
0.897196261682243
3.764705882352941
0.768
1.6271186440677967
8.727272727272727
0.8644859813084113
2.4025974025974026
1.3503649635036497
2.803030303030303
0.6826568265682657
1.330935251798561
1.1349693251533743
2.803030303030303
1.989247311827957
0.8644859813084113
3.627450980392157
0.74
1.5677966101694916
8.409090909090908
0.9635416666666666
0.2383177570093458
0.6623376623376623
0.3722627737226277
0.7727272727272727
0.1881918819188192
0.3669064748201439
0.3128834355828221
0.7727272727272727
0.5483870967741935
0.2383177570093458
1.0
0.204
0.4322033898305085
2.3181818181818183
0.265625
0.2756756756756757
0.5280373831775701
1.4675324675324675
0.8248175182481752
1.7121212121212122
0.41697416974169743
0.8129496402877698
0.6932515337423313
1.7121212121212122
1.2150537634408602
0.5280373831775701
2.215686274509804
0.452
0.9576271186440678
5.136363636363637
0.5885416666666666
0.6108108108108108
2.215686274509804
1.102803738317757
3.064935064935065
1.7226277372262773
3.5757575757575757
0.8708487084870848
1.6978417266187051
1.4478527607361964
3.5757575757575757
2.5376344086021505
1.102803738317757
4.627450980392157
0.944
2.0
10.727272727272727
1.2291666666666667
1.2756756756756757
4.627450980392157
2.088495575221239
0.102803738317757
0.2857142857142857
0.16058394160583941
0.3333333333333333
0.08118081180811808
0.15827338129496402
0.13496932515337423
0.3333333333333333
0.23655913978494625
0.102803738317757
0.43137254901960786
0.088
0.1864406779661017
1.0
0.11458333333333333
0.11891891891891893
0.43137254901960786
0.19469026548672566
0.09322033898305085
1.0
2.779220779220779
1.562043795620438
3.242424242424242
0.7896678966789668
1.539568345323741
1.312883435582822
3.242424242424242
2.3010752688172045
1.0
4.196078431372549
0.856
1.8135593220338984
9.727272727272727
1.1145833333333333
1.1567567567567567
4.196078431372549
1.8938053097345133
0.9067796610169492
9.727272727272727
---
0.4148936170212766
0.5851063829787234
1.4102564102564104
0.23404255319148937
0.5641025641025641
0.4
1.1436170212765957
2.7564102564102564
1.9545454545454546
4.886363636363637
0.5797872340425532
1.3974358974358974
0.990909090909091
2.477272727272727
0.5069767441860465
0.824468085106383
1.9871794871794872
1.4090909090909092
3.522727272727273
0.7209302325581395
1.4220183486238531
0.2765957446808511
0.6666666666666666
0.4727272727272727
1.1818181818181819
0.24186046511627907
0.47706422018348627
0.33548387096774196
0.44148936170212766
1.064102564102564
0.7545454545454545
1.8863636363636365
0.386046511627907
0.7614678899082569
0.535483870967742
1.5961538461538463
0.9308510638297872
2.2435897435897436
1.5909090909090908
3.977272727272727
0.813953488372093
1.6055045871559632
1.1290322580645162
3.3653846153846154
2.108433734939759
0.2127659574468085
0.5128205128205128
0.36363636363636365
0.9090909090909091
0.18604651162790697
0.3669724770642202
0.25806451612903225
0.7692307692307693
0.4819277108433735
0.22857142857142856
1.0106382978723405
2.4358974358974357
1.7272727272727273
4.318181818181818
0.8837209302325582
1.7431192660550459
1.2258064516129032
3.6538461538461537
2.289156626506024
1.0857142857142856
4.75
0.4627659574468085
1.1153846153846154
0.7909090909090909
1.9772727272727273
0.4046511627906977
0.7981651376146789
0.5612903225806452
1.6730769230769231
1.0481927710843373
0.49714285714285716
2.175
0.45789473684210524
0.13829787234042554
0.3333333333333333
0.23636363636363636
0.5909090909090909
0.12093023255813953
0.23853211009174313
0.16774193548387098
0.5
0.3132530120481928
0.14857142857142858
0.65
0.1368421052631579
0.2988505747126437
0.7925531914893617
1.9102564102564104
1.3545454545454545
3.3863636363636362
0.6930232558139535
1.3669724770642202
0.9612903225806452
2.8653846153846154
1.7951807228915662
0.8514285714285714
3.725
0.7842105263157895
1.7126436781609196
5.730769230769231
0.9627659574468085
2.3205128205128207
1.6454545454545455
4.113636363636363
0.8418604651162791
1.6605504587155964
1.167741935483871
3.480769230769231
2.180722891566265
1.0342857142857143
4.525
0.9526315789473684
2.0804597701149423
6.961538461538462
1.2147651006711409
0.21808510638297873
0.5256410256410257
0.37272727272727274
0.9318181818181818
0.19069767441860466
0.3761467889908257
0.2645161290322581
0.7884615384615384
0.4939759036144578
0.2342857142857143
1.025
0.21578947368421053
0.47126436781609193
1.5769230769230769
0.2751677852348993
0.2265193370165746
0.5691489361702128
1.3717948717948718
0.9727272727272728
2.4318181818181817
0.49767441860465117
0.981651376146789
0.6903225806451613
2.0576923076923075
1.2891566265060241
0.6114285714285714
2.675
0.5631578947368421
1.2298850574712643
4.115384615384615
0.7181208053691275
0.5911602209944752
2.6097560975609757
1.0691489361702127
2.576923076923077
1.8272727272727274
4.568181818181818
0.9348837209302325
1.8440366972477065
1.2967741935483872
3.8653846153846154
2.4216867469879517
1.1485714285714286
5.025
1.0578947368421052
2.310344827586207
7.730769230769231
1.348993288590604
1.1104972375690607
4.902439024390244
1.8785046728971964
0.13829787234042554
0.3333333333333333
0.23636363636363636
0.5909090909090909
0.12093023255813953
0.23853211009174313
0.16774193548387098
0.5
0.3132530120481928
0.14857142857142858
0.65
0.1368421052631579
0.2988505747126437
1.0
0.174496644295302
0.143646408839779
0.6341463414634146
0.24299065420560748
0.12935323383084577
0.9308510638297872
2.2435897435897436
1.5909090909090908
3.977272727272727
0.813953488372093
1.6055045871559632
1.1290322580645162
3.3653846153846154
2.108433734939759
1.0
4.375
0.9210526315789473
2.0114942528735633
6.730769230769231
1.174496644295302
0.9668508287292817
4.2682926829268295
1.6355140186915889
0.8706467661691543
6.730769230769231
---
0.27918781725888325
0.7208121827411168
2.581818181818182
0.34517766497461927
1.2363636363636363
0.4788732394366197
1.2893401015228427
4.618181818181818
1.7887323943661972
3.735294117647059
0.5939086294416244
2.1272727272727274
0.823943661971831
1.7205882352941178
0.46062992125984253
0.7309644670050761
2.618181818181818
1.0140845070422535
2.1176470588235294
0.5669291338582677
1.2307692307692308
0.36548223350253806
1.309090909090909
0.5070422535211268
1.0588235294117647
0.28346456692913385
0.6153846153846154
0.5
0.47715736040609136
1.709090909090909
0.6619718309859155
1.3823529411764706
0.3700787401574803
0.8034188034188035
0.6527777777777778
1.3055555555555556
0.9746192893401016
3.4909090909090907
1.352112676056338
2.823529411764706
0.7559055118110236
1.641025641025641
1.3333333333333333
2.6666666666666665
2.0425531914893615
0.26903553299492383
0.9636363636363636
0.3732394366197183
0.7794117647058824
0.20866141732283464
0.452991452991453
0.3680555555555556
0.7361111111111112
0.5638297872340425
0.2760416666666667
1.1827411167512691
4.236363636363636
1.6408450704225352
3.426470588235294
0.9173228346456693
1.9914529914529915
1.6180555555555556
3.236111111111111
2.478723404255319
1.2135416666666667
4.39622641509434
0.49746192893401014
1.7818181818181817
0.6901408450704225
1.4411764705882353
0.3858267716535433
0.8376068376068376
0.6805555555555556
1.3611111111111112
1.0425531914893618
0.5104166666666666
1.849056603773585
0.4206008583690987
0.1065989847715736
0.38181818181818183
0.14788732394366197
0.3088235294117647
0.08267716535433071
0.1794871794871795
0.14583333333333334
0.2916666666666667
0.22340425531914893
0.109375
0.39622641509433965
0.09012875536480687
0.21428571428571427
0.868020304568528
3.109090909090909
1.204225352112676
2.514705882352941
0.6732283464566929
1.4615384615384615
1.1875
2.375
1.8191489361702127
0.890625
3.2264150943396226
0.7339055793991416
1.7448979591836735
8.142857142857142
0.8578680203045685
3.0727272727272728
1.1901408450704225
2.485294117647059
0.6653543307086615
1.4444444444444444
1.1736111111111112
2.3472222222222223
1.797872340425532
0.8802083333333334
3.188679245283019
0.7253218884120172
1.7244897959183674
8.047619047619047
0.9883040935672515
0.26903553299492383
0.9636363636363636
0.3732394366197183
0.7794117647058824
0.20866141732283464
0.452991452991453
0.3680555555555556
0.7361111111111112
0.5638297872340425
0.2760416666666667
1.0
0.22746781115879827
0.5408163265306123
2.5238095238095237
0.30994152046783624
0.3136094674556213
0.5939086294416244
2.1272727272727274
0.823943661971831
1.7205882352941178
0.46062992125984253
1.0
0.8125
1.625
1.2446808510638299
0.609375
2.207547169811321
0.5021459227467812
1.1938775510204083
5.571428571428571
0.6842105263157895
0.6923076923076923
2.207547169811321
1.1065989847715736
3.963636363636364
1.5352112676056338
3.2058823529411766
0.8582677165354331
1.8632478632478633
1.5138888888888888
3.0277777777777777
2.3191489361702127
1.1354166666666667
4.113207547169812
0.9356223175965666
2.2244897959183674
10.380952380952381
1.2748538011695907
1.2899408284023668
4.113207547169812
1.8632478632478633
0.1319796954314721
0.4727272727272727
0.18309859154929578
0.38235294117647056
0.10236220472440945
0.2222222222222222
0.18055555555555555
0.3611111111111111
0.2765957446808511
0.13541666666666666
0.49056603773584906
0.11158798283261803
0.2653061224489796
1.2380952380952381
0.15204678362573099
0.15384615384615385
0.49056603773584906
0.2222222222222222
0.11926605504587157
1.0
3.581818181818182
1.3873239436619718
2.8970588235294117
0.7755905511811023
1.6837606837606838
1.3680555555555556
2.736111111111111
2.095744680851064
1.0260416666666667
3.7169811320754715
0.8454935622317596
2.010204081632653
9.380952380952381
1.152046783625731
1.165680473372781
3.7169811320754715
1.6837606837606838
0.9036697247706422
7.576923076923077
---
