0.2905982905982906
0.7094017094017094
2.4411764705882355
0.4017094017094017
1.3823529411764706
0.5662650602409639
1.329059829059829
4.573529411764706
1.8734939759036144
3.3085106382978724
0.6581196581196581
2.264705882352941
0.927710843373494
1.6382978723404256
0.49517684887459806
0.7435897435897436
2.5588235294117645
1.0481927710843373
1.851063829787234
0.5594855305466238
1.12987012987013
0.4017094017094017
1.3823529411764706
0.5662650602409639
1.0
0.3022508038585209
0.6103896103896104
0.5402298850574713
0.49572649572649574
1.7058823529411764
0.6987951807228916
1.2340425531914894
0.3729903536977492
0.7532467532467533
0.6666666666666666
1.2340425531914894
1.0
3.4411764705882355
1.4096385542168675
2.4893617021276597
0.752411575562701
1.5194805194805194
1.3448275862068966
2.4893617021276597
2.0172413793103448
0.31196581196581197
1.0735294117647058
0.4397590361445783
0.776595744680851
0.2347266881028939
0.474025974025974
0.41954022988505746
0.776595744680851
0.6293103448275862
0.31196581196581197
1.1752136752136753
4.044117647058823
1.6566265060240963
2.925531914893617
0.8842443729903537
1.7857142857142858
1.5804597701149425
2.925531914893617
2.3706896551724137
1.1752136752136753
3.767123287671233
0.5256410256410257
1.8088235294117647
0.7409638554216867
1.3085106382978724
0.3954983922829582
0.7987012987012987
0.7068965517241379
1.3085106382978724
1.0603448275862069
0.5256410256410257
1.6849315068493151
0.44727272727272727
0.1623931623931624
0.5588235294117647
0.2289156626506024
0.40425531914893614
0.12218649517684887
0.24675324675324675
0.21839080459770116
0.40425531914893614
0.3275862068965517
0.1623931623931624
0.5205479452054794
0.13818181818181818
0.3089430894308943
0.8376068376068376
2.8823529411764706
1.180722891566265
2.0851063829787235
0.6302250803858521
1.2727272727272727
1.1264367816091954
2.0851063829787235
1.6896551724137931
0.8376068376068376
2.684931506849315
0.7127272727272728
1.5934959349593496
5.157894736842105
0.9017094017094017
3.1029411764705883
1.2710843373493976
2.24468085106383
0.6784565916398714
1.37012987012987
1.2126436781609196
2.24468085106383
1.8189655172413792
0.9017094017094017
2.8904109589041096
0.7672727272727272
1.7154471544715446
5.552631578947368
1.0765306122448979
0.31196581196581197
1.0735294117647058
0.4397590361445783
0.776595744680851
0.2347266881028939
0.474025974025974
0.41954022988505746
0.776595744680851
0.6293103448275862
0.31196581196581197
1.0
0.26545454545454544
0.5934959349593496
1.9210526315789473
0.37244897959183676
0.3459715639810427
0.6410256410256411
2.2058823529411766
0.9036144578313253
1.5957446808510638
0.48231511254019294
0.974025974025974
0.8620689655172413
1.5957446808510638
1.293103448275862
0.6410256410256411
2.0547945205479454
0.5454545454545454
1.2195121951219512
3.9473684210526314
0.7653061224489796
0.7109004739336493
2.0547945205479454
1.1623931623931625
4.0
1.6385542168674698
2.893617021276596
0.8745980707395499
1.7662337662337662
1.5632183908045978
2.893617021276596
2.3448275862068964
1.1623931623931625
3.7260273972602738
0.9890909090909091
2.2113821138211383
7.157894736842105
1.3877551020408163
1.2890995260663507
3.7260273972602738
1.8133333333333332
0.1623931623931624
0.5588235294117647
0.2289156626506024
0.40425531914893614
0.12218649517684887
0.24675324675324675
0.21839080459770116
0.40425531914893614
0.3275862068965517
0.1623931623931624
0.5205479452054794
0.13818181818181818
0.3089430894308943
1.0
0.19387755102040816
0.18009478672985782
0.5205479452054794
0.25333333333333335
0.13970588235294118
1.0
3.4411764705882355
1.4096385542168675
2.4893617021276597
0.752411575562701
1.5194805194805194
1.3448275862068966
2.4893617021276597
2.0172413793103448
1.0
3.2054794520547945
0.850909090909091
1.9024390243902438
6.157894736842105
1.1938775510204083
1.1090047393364928
3.2054794520547945
1.56
0.8602941176470589
6.157894736842105
---
0.2905982905982906
0.7094017094017094
2.4411764705882355
0.4017094017094017
1.3823529411764706
0.5662650602409639
1.329059829059829
4.573529411764706
1.8734939759036144
3.3085106382978724
0.6581196581196581
2.264705882352941
0.927710843373494
1.6382978723404256
0.49517684887459806
0.7435897435897436
2.5588235294117645
1.0481927710843373
1.851063829787234
0.5594855305466238
1.12987012987013
0.4017094017094017
1.3823529411764706
0.5662650602409639
1.0
0.3022508038585209
0.6103896103896104
0.5402298850574713
0.49572649572649574
1.7058823529411764
0.6987951807228916
1.2340425531914894
0.3729903536977492
0.7532467532467533
0.6666666666666666
1.2340425531914894
1.0
3.4411764705882355
1.4096385542168675
2.4893617021276597
0.752411575562701
1.5194805194805194
1.3448275862068966
2.4893617021276597
2.0172413793103448
0.31196581196581197
1.0735294117647058
0.4397590361445783
0.776595744680851
0.2347266881028939
0.474025974025974
0.41954022988505746
0.776595744680851
0.6293103448275862
0.31196581196581197
1.1752136752136753
4.044117647058823
1.6566265060240963
2.925531914893617
0.8842443729903537
1.7857142857142858
1.5804597701149425
2.925531914893617
2.3706896551724137
1.1752136752136753
3.767123287671233
0.5256410256410257
1.8088235294117647
0.7409638554216867
1.3085106382978724
0.3954983922829582
0.7987012987012987
0.7068965517241379
1.3085106382978724
1.0603448275862069
0.5256410256410257
1.6849315068493151
0.44727272727272727
0.1623931623931624
0.5588235294117647
0.2289156626506024
0.40425531914893614
0.12218649517684887
0.24675324675324675
0.21839080459770116
0.40425531914893614
0.3275862068965517
0.1623931623931624
0.5205479452054794
0.13818181818181818
0.3089430894308943
0.8376068376068376
2.8823529411764706
1.180722891566265
2.0851063829787235
0.6302250803858521
1.2727272727272727
1.1264367816091954
2.0851063829787235
1.6896551724137931
0.8376068376068376
2.684931506849315
0.7127272727272728
1.5934959349593496
5.157894736842105
0.9017094017094017
3.1029411764705883
1.2710843373493976
2.24468085106383
0.6784565916398714
1.37012987012987
1.2126436781609196
2.24468085106383
1.8189655172413792
0.9017094017094017
2.8904109589041096
0.7672727272727272
1.7154471544715446
5.552631578947368
1.0765306122448979
0.31196581196581197
1.0735294117647058
0.4397590361445783
0.776595744680851
0.2347266881028939
0.474025974025974
0.41954022988505746
0.776595744680851
0.6293103448275862
0.31196581196581197
1.0
0.26545454545454544
0.5934959349593496
1.9210526315789473
0.37244897959183676
0.3459715639810427
0.6410256410256411
2.2058823529411766
0.9036144578313253
1.5957446808510638
0.48231511254019294
0.974025974025974
0.8620689655172413
1.5957446808510638
1.293103448275862
0.6410256410256411
2.0547945205479454
0.5454545454545454
1.2195121951219512
3.9473684210526314
0.7653061224489796
0.7109004739336493
2.0547945205479454
1.1623931623931625
4.0
1.6385542168674698
2.893617021276596
0.8745980707395499
1.7662337662337662
1.5632183908045978
2.893617021276596
2.3448275862068964
1.1623931623931625
3.7260273972602738
0.9890909090909091
2.2113821138211383
7.157894736842105
1.3877551020408163
1.2890995260663507
3.7260273972602738
1.8133333333333332
0.1623931623931624
0.5588235294117647
0.2289156626506024
0.40425531914893614
0.12218649517684887
0.24675324675324675
0.21839080459770116
0.40425531914893614
0.3275862068965517
0.1623931623931624
0.5205479452054794
0.13818181818181818
0.3089430894308943
1.0
0.19387755102040816
0.18009478672985782
0.5205479452054794
0.25333333333333335
0.13970588235294118
1.0
3.4411764705882355
1.4096385542168675
2.4893617021276597
0.752411575562701
1.5194805194805194
1.3448275862068966
2.4893617021276597
2.0172413793103448
1.0
3.2054794520547945
0.850909090909091
1.9024390243902438
6.157894736842105
1.1938775510204083
1.1090047393364928
3.2054794520547945
1.56
0.8602941176470589
6.157894736842105
---
