0.27007299270072993
0.7299270072992701
2.7027027027027026
0.35036496350364965
1.2972972972972974
0.48
1.2846715328467153
4.756756756756757
1.76
3.6666666666666665
0.583941605839416
2.1621621621621623
0.8
1.6666666666666667
0.45454545454545453
0.7591240875912408
2.810810810810811
1.04
2.1666666666666665
0.5909090909090909
1.3
0.35036496350364965
1.2972972972972974
0.48
1.0
0.2727272727272727
0.6
0.46153846153846156
0.5109489051094891
1.8918918918918919
0.7
1.4583333333333333
0.3977272727272727
0.875
0.6730769230769231
1.4583333333333333
1.0
3.7027027027027026
1.37
2.8541666666666665
0.7784090909090909
1.7125
1.3173076923076923
2.8541666666666665
1.957142857142857
0.2773722627737226
1.027027027027027
0.38
0.7916666666666666
0.2159090909090909
0.475
0.36538461538461536
0.7916666666666666
0.5428571428571428
0.2773722627737226
1.1605839416058394
4.297297297297297
1.59
3.3125
0.9034090909090909
1.9875
1.5288461538461537
3.3125
2.2714285714285714
1.1605839416058394
4.184210526315789
0.4744525547445255
1.7567567567567568
0.65
1.3541666666666667
0.3693181818181818
0.8125
0.625
1.3541666666666667
0.9285714285714286
0.4744525547445255
1.7105263157894737
0.4088050314465409
0.13138686131386862
0.4864864864864865
0.18
0.375
0.10227272727272728
0.225
0.17307692307692307
0.375
0.2571428571428571
0.13138686131386862
0.47368421052631576
0.11320754716981132
0.27692307692307694
0.8686131386861314
3.2162162162162162
1.19
2.4791666666666665
0.6761363636363636
1.4875
1.1442307692307692
2.4791666666666665
1.7
0.8686131386861314
3.1315789473684212
0.7484276729559748
1.8307692307692307
6.611111111111111
0.8905109489051095
3.2972972972972974
1.22
2.5416666666666665
0.6931818181818182
1.525
1.1730769230769231
2.5416666666666665
1.7428571428571429
0.8905109489051095
3.210526315789474
0.7672955974842768
1.876923076923077
6.777777777777778
1.0252100840336134
0.2773722627737226
1.027027027027027
0.38
0.7916666666666666
0.2159090909090909
0.475
0.36538461538461536
0.7916666666666666
0.5428571428571428
0.2773722627737226
1.0
0.2389937106918239
0.5846153846153846
2.111111111111111
0.31932773109243695
0.3114754098360656
0.635036496350365
2.3513513513513513
0.87
1.8125
0.4943181818181818
1.0875
0.8365384615384616
1.8125
1.2428571428571429
0.635036496350365
2.289473684210526
0.5471698113207547
1.3384615384615384
4.833333333333333
0.7310924369747899
0.7131147540983607
2.289473684210526
1.1313868613138687
4.1891891891891895
1.55
3.2291666666666665
0.8806818181818182
1.9375
1.4903846153846154
3.2291666666666665
2.2142857142857144
1.1313868613138687
4.078947368421052
0.9748427672955975
2.3846153846153846
8.61111111111111
1.3025210084033614
1.2704918032786885
4.078947368421052
1.7816091954022988
0.13138686131386862
0.4864864864864865
0.18
0.375
0.10227272727272728
0.225
0.17307692307692307
0.375
0.2571428571428571
0.13138686131386862
0.47368421052631576
0.11320754716981132
0.27692307692307694
1.0
0.15126050420168066
0.14754098360655737
0.47368421052631576
0.20689655172413793
0.11612903225806452
1.0
3.7027027027027026
1.37
2.8541666666666665
0.7784090909090909
1.7125
1.3173076923076923
2.8541666666666665
1.957142857142857
1.0
3.6052631578947367
0.8616352201257862
2.1076923076923078
7.611111111111111
1.1512605042016806
1.1229508196721312
3.6052631578947367
1.5747126436781609
0.8838709677419355
7.611111111111111
---
